7845
4024
4023
4021
5988
5981
5986
5987
5984
5985
4154
7514
7513
7512
3999
3998
3997
3995
3994
3993
3992
3991
3929
4838
6151
6153
7949
6155
9936
4730
4731
7095
2318
4735
2316
2317
2314
2315
2312
2313
2311
5854
5855
5856
5851
5853
3237
9748
3773
3772
3771
3776
3775
3774
3779
4522
4655
4656
4651
4837
4653
3234
6587
8759
8305
1155
4782
7889
3235
7881
2263
2261
2266
7884
2264
2265
8097
2441
9528
9258
2445
9256
9257
9254
9255
9521
9251
2514
7864
7863
8200
7861
9437
8753
9434
4813
4812
4811
9435
4817
4816
4815
2041
4819
4818
7627
9433
9410
9411
9412
8913
9414
9415
9416
9417
9418
6371
6372
6373
6374
7623
9341
3238
9343
9631
9632
9321
9635
9636
9613
8941
8943
3513
3512
3511
9611
7261
3515
3514
9512
2684
2685
2686
2681
1436
4528
7511
1437
9744
9745
9746
5404
9741
9742
9743
1432
5109
5291
1153
9749
1433
1991
3206
1621
1992
3203
3202
3201
1624
1628
3209
3208
9794
8835
8834
8831
8833
8832
2861
6471
2864
2865
7142
7678
7679
7676
7675
7672
7670
7671
7078
1191
3343
7076
5453
5454
7071
3344
9221
1759
1757
1756
1755
1754
1753
1752
1751
8162
6974
6975
8167
8166
1171
6971
4251
4255
4254
5531
8085
9044
5534
5572
9245
8765
8764
8766
8761
8763
8762
8389
1349
8387
8386
8385
8384
8383
8382
8381
8019
8017
8016
8015
8014
8013
8012
8011
8542
8171
2037
4389
4388
6576
8055
5629
7451
4383
4382
5625
5624
5623
4386
4385
4384
7694
7695
8491
2034
8497
7691
7692
7693
4849
3834
3835
3836
3831
3832
3833
5995
4033
4032
5991
5993
5663
5662
6577
6534
7929
7522
7523
5078
7521
7524
7525
5667
5666
6531
6143
6142
6141
4725
4724
4727
4726
4721
4722
5846
5845
5844
5843
4341
5841
9871
9975
7044
3749
3744
3742
3743
3741
4621
4622
4623
4624
4625
6268
2275
2274
2271
2273
2272
5529
2154
5836
9249
9248
7046
9469
2156
9241
9536
9243
9534
9533
9244
9247
9246
1862
7853
9223
7856
2155
7854
7855
7858
7859
2051
4538
4539
4826
4827
4536
4537
4822
4531
4532
4533
9403
9402
9401
7983
9407
9406
9405
9404
6363
3089
6361
9408
6367
5208
6365
3088
9335
2159
9337
9336
9331
9333
1608
9562
3526
3527
3524
3525
3522
3523
3521
9623
9296
9621
9627
9626
9625
9297
7218
7219
3086
9294
7211
7212
7213
7214
7215
7216
7217
6217
6216
6215
6214
6213
6212
6211
1976
2696
2694
2693
2692
2691
6218
8376
8222
1974
6811
3221
6813
6812
6815
8374
6816
9756
8223
9753
9752
9751
3222
1362
3232
7325
7326
7327
1968
1969
7322
1619
1616
1965
1966
1967
7328
1613
1962
1963
8841
8842
8843
8844
8845
2871
3355
3354
3356
3351
3353
3352
7661
7663
7662
7665
7664
7667
7666
5449
5443
7065
7064
5447
5446
7061
1768
1769
1361
1761
1766
1767
1764
6961
2965
1141
8628
6964
2964
9055
8625
8154
8627
8152
8621
8622
8151
7885
5508
5509
5506
5507
5504
5505
5502
5503
5501
1546
1544
1541
1548
1220
8711
8713
8715
9445
9624
2969
6465
2968
8538
8539
8028
9988
9989
8022
8531
8532
8021
9982
9983
8024
9981
7441
7443
7442
7596
7447
5612
6564
6566
5616
5617
5614
6562
7687
7686
7685
3323
7683
7887
7681
1381
1382
1383
3827
3826
3825
3824
3823
3822
3821
9154
3829
3828
8444
8445
8446
8447
8441
8442
8443
9151
8448
8449
4283
3042
4286
9021
4284
4285
5461
4288
8107
9524
3047
9525
7535
7534
7536
7531
9526
7533
7532
9527
1774
1175
6176
6174
9523
6171
4758
4759
2065
5463
1773
4751
4754
4756
5872
9965
9966
9967
9961
9962
1077
9968
9969
5376
3751
5371
3752
3755
3754
2191
4631
4635
4634
9481
2201
2202
2203
2204
9487
9486
5130
9485
6681
9484
6684
6685
6686
6687
9502
2421
9501
7849
7848
6578
2042
7847
7846
7841
7843
7842
4839
6745
6353
4529
6351
4527
8704
4525
4524
4835
4834
4521
4836
7991
2518
6191
9438
9439
9436
2515
2516
2517
9432
2511
2512
2513
9616
9617
9342
9615
2731
5298
8221
5296
5294
5292
5293
9618
9619
3531
3533
3532
3534
5238
5056
5051
5052
8225
1814
1815
1816
1817
1811
1812
1813
7203
7202
7201
4339
7207
7206
7205
7204
6222
6994
6221
6226
6227
6224
6225
6228
6229
6996
1156
4332
1099
2165
9761
9766
8147
9765
8226
9292
9293
7335
9291
7333
7332
7331
3134
3225
3224
9298
1602
1973
1972
7339
1606
6079
8853
8852
9482
8857
8856
8855
8854
8809
2841
5476
9732
5472
5473
5471
3328
3329
9734
1775
5275
1777
1771
5271
5272
7051
1779
1778
7054
7055
2806
9738
9026
8148
6998
6999
8141
8636
8635
6997
1151
6991
1190
8146
5803
9133
9954
5511
5513
5512
9957
1551
9956
3038
3039
3034
2991
2992
2993
2994
2995
3032
3033
8702
8701
3035
1940
3036
3299
8035
8034
9364
3037
8031
8033
8032
3031
9999
9998
8529
8528
9991
8522
9993
9992
9995
9994
9997
9996
9365
1975
9633
5133
6512
6515
8520
3292
1399
1398
1396
1394
1393
1391
3812
3813
3811
3816
3817
3814
3815
3818
3819
7163
8457
8456
8455
8454
8453
8452
8451
1842
8459
8458
6421
6422
3455
4291
7548
7541
7542
7543
7544
7545
7546
7547
1422
1941
2973
7263
6161
4694
6163
6162
6165
6164
6167
6166
4748
4742
4741
4745
4744
9977
9976
6705
9974
9973
9972
9971
5865
5864
5866
5861
9979
5862
8537
4715
2971
2977
2182
2181
4696
9494
2211
2215
2214
4208
4209
6691
6952
6902
1426
9131
7165
6901
3041
2432
2431
6456
2435
8523
1686
7831
7833
8521
6341
6343
6342
6345
6346
5059
4513
4511
4516
4515
6909
6181
9421
9423
9422
9601
2726
9351
2724
2723
2722
9607
9606
5281
9608
5283
5282
5284
2729
2728
7944
7234
7232
7941
7942
7943
5047
5046
5045
5044
5043
5042
5041
1807
3781
3784
3785
3789
9515
9514
9747
9511
6511
6235
6234
6237
6231
9025
9479
3087
9774
9771
9027
9773
3258
1948
1949
8862
9288
8861
9285
1943
3252
3253
1946
1947
1944
1945
1527
9023
1520
9022
1253
3207
1622
2851
2855
3205
9477
3333
3332
3331
5462
5465
5464
3335
3334
5469
1627
9356
3491
7048
1626
1701
1702
1703
1704
1705
5261
1707
1996
5268
4508
9355
4575
8608
6988
8602
1121
8601
6983
6982
6981
8605
2262
9077
2988
9493
3029
3028
3027
2982
2981
3024
3023
2986
3021
2984
1018
1019
1014
1015
1016
1017
8732
1011
1012
1013
8516
8041
8042
8043
8044
1231
8511
4196
7574
4194
2130
4191
5671
5672
5673
5674
5675
5676
8281
4354
4356
4357
4351
4352
4353
1341
4903
9496
3805
9284
8462
9862
8461
8466
8467
8464
8465
3165
8468
4906
9497
6436
8191
6433
5709
6431
5704
5705
5706
5707
5701
5702
6438
2267
7559
7558
7984
7553
7552
7551
4119
7557
7556
7555
7554
8025
4772
4927
4771
4174
4175
4176
4177
4171
8277
1961
4178
4179
9942
9943
3160
7986
9946
9947
9944
9945
5811
5812
5813
5814
5815
5816
5817
1853
9271
6574
4611
4613
4612
4615
4614
4617
4616
6575
2224
2225
2222
2223
2221
5924
5925
5926
5927
5921
5922
5923
5928
7399
9007
9289
4505
4504
4507
7828
4501
4503
7823
7822
7821
7827
7826
7825
7824
5351
2082
9006
2081
2085
5328
3342
5451
2532
2533
2531
8276
5452
4328
2535
2712
2713
2711
2716
2717
2715
9005
9367
2718
2719
9362
9363
9361
7221
7223
7954
7225
7224
7951
7226
9164
9166
5071
5076
9161
5074
9163
1832
1831
1834
3794
3791
3792
7926
9561
2404
2405
2402
2151
2152
2401
6241
6243
2158
6245
2408
6247
5381
5382
5383
5384
5386
4874
5388
9307
7927
1954
1956
1951
2673
8871
3249
3248
3370
7315
7314
3241
7316
7311
3246
3245
7312
7448
4062
8161
4878
1483
7031
1481
7033
1487
9011
7036
7037
7038
7039
1489
1488
5491
5492
1713
5253
1711
5251
5256
1716
1715
5628
5258
1718
1270
2144
3712
2143
1438
1132
1131
7372
1135
7788
7786
7787
7784
7785
7782
7783
7781
3012
3013
3011
3016
7141
3014
3015
8721
8723
8722
8724
1000
8501
8052
8051
8502
1223
1222
1221
8506
4181
8508
4182
4185
4184
6536
6537
5661
6535
6532
6533
5665
5664
6538
7491
7496
7497
7495
8615
8614
8617
8616
8611
8613
8612
8618
2255
3871
4065
8479
8478
8475
8474
8477
8476
8471
8470
8472
7562
7561
8184
5715
8181
5712
5711
7764
7765
7766
7761
2959
9986
9978
9657
3904
3905
3906
3907
3901
3902
3903
3909
9008
4761
6744
4762
6741
9987
4766
9306
9659
4163
4161
8080
5809
5808
9959
4152
9955
5802
5801
3192
9951
9953
5804
4235
8647
4197
8129
2231
2235
5935
5932
5931
8885
7814
7815
7812
7813
7811
5094
3223
4571
8425
4574
5096
4576
6714
3651
3652
8423
2525
2524
9681
2526
2521
2523
2522
8388
4494
2662
5066
5061
5063
5062
4881
4882
4157
4884
4885
1309
7963
5647
7961
7966
7964
9178
9177
9176
9175
9174
9173
9172
9171
1829
1825
1824
1827
1826
1821
4401
1823
1822
2411
9571
2412
2415
2142
2141
6115
6252
6251
6255
5392
5391
5397
5396
5395
4155
7852
5398
4564
1921
3274
9718
3273
3271
9713
9712
9711
9717
9716
9715
9714
3474
7369
8546
3471
2929
8884
7361
7364
8881
8882
8883
9121
5455
7047
6572
2727
6573
3319
3318
7021
6571
9003
7025
3311
3313
3312
3315
5482
3317
3316
7075
5249
5248
1728
5327
6591
5244
5247
5246
1722
1723
5243
5242
5627
9004
5626
5827
4381
3220
6579
9001
4387
1042
5622
7798
5621
7791
7935
7793
7792
7795
7794
7797
7796
8493
9872
7157
7156
9109
7152
7151
3314
9106
9125
5481
9107
1032
1033
8633
1031
1036
1037
1034
1035
1212
1213
1211
1216
1217
1214
1215
8066
8064
8494
4245
9103
6521
7484
6523
6522
7481
6524
7483
7482
8603
8265
8266
5655
5652
8261
8262
8263
7756
7705
1106
1107
1104
1105
1102
1451
1452
1101
1458
1724
1108
4456
3868
3739
3863
3862
3861
3738
3867
3864
8408
8409
8401
1721
8404
8405
8406
8407
7571
7573
7572
6419
6418
7577
7576
6415
6414
6417
5721
6411
9811
6413
5725
7777
7776
7775
7774
7773
7772
7771
6598
7779
7778
2136
3912
3911
4693
8314
8315
8316
8317
8311
8312
8313
4794
4695
4796
4797
4791
7924
4926
8084
4153
4151
4156
8081
8082
5831
4158
4924
4338
9299
5263
9921
9922
9923
9143
9925
8337
8334
6088
6089
6086
6085
6082
6083
6081
6439
8339
6644
6645
6641
6642
8211
6711
8744
3481
8214
4569
4562
4561
4567
4566
4565
3648
3646
3645
4568
3643
3642
3641
9903
2551
2552
2553
2554
2555
8631
4645
1486
2396
2394
2809
2391
4164
5011
5012
5013
5014
5015
5017
5018
2771
4891
2774
2725
9148
9602
7975
9491
9492
9141
7971
9495
7973
9145
7696
6267
6265
6262
2721
6261
4417
1851
1852
9354
4413
4412
4411
6269
2172
6065
3077
6067
6061
9825
6063
4965
3161
9359
9540
9541
9726
9727
9724
9725
9722
9723
9721
3846
9728
3261
1931
3262
3265
3264
3267
1934
7918
5125
5126
5121
5122
5437
3467
3466
3465
3464
1427
3461
8897
8896
7371
8894
8893
7946
8891
1582
3365
7940
5438
7233
5049
7231
5835
9032
9033
9031
9036
2407
9034
9035
9038
7011
8131
1738
1731
5231
1733
5233
5234
5235
5236
5237
9804
6838
4907
2735
3071
3072
3073
6882
6883
3076
6881
3078
3079
2957
8133
2951
2952
2953
1025
5345
5346
5347
1021
5341
5342
5343
7428
7161
5348
1028
5708
9884
6307
4365
4364
4361
4363
8071
8072
8075
1359
8077
8076
1358
8278
5641
8101
5643
5642
5645
5644
8271
5646
8637
8899
3325
1111
1446
1113
1112
1115
1442
1441
1119
1118
8553
1218
1448
1219
7317
6333
5735
9696
5737
5731
4584
8413
8412
8411
8061
5738
8415
8414
6468
6469
4854
7588
8105
6461
6462
6463
6464
7581
7582
6467
7742
7741
4583
6525
1230
3922
3921
7916
3927
3925
6914
4824
8307
8264
6721
8304
8303
8302
8301
4373
8267
5654
8309
8308
5821
8096
5823
8094
5825
5824
8091
5826
4145
4825
4147
9071
4141
4143
4142
4909
9939
3852
3853
3850
3851
9933
9932
9931
5651
9937
7313
8632
9934
7914
6916
6099
4814
6091
6093
6092
6095
6094
6097
6096
6659
6658
6657
6655
6654
6653
6652
6651
5915
5914
5916
5911
5913
5912
1117
6700
4554
4553
6911
4551
2543
2542
2541
2547
2546
2545
2544
2548
1456
2381
2382
2409
1103
9155
3581
3582
3583
3584
3585
9153
9152
2761
7908
7909
9489
9488
9852
9483
7901
7902
7903
7904
7905
7906
7907
6271
6273
8582
6274
6277
6276
1843
4423
1841
4421
1847
1846
4424
1844
6077
1942
6075
6074
9853
6071
3251
9551
1109
2161
9287
2163
2162
9731
2616
9733
2614
2613
2612
2611
9736
9281
3255
7346
7345
7342
9283
7341
1906
3295
3297
1902
3291
5131
1901
3452
3453
3451
3454
1971
3293
8291
7009
7008
1609
2471
7001
9024
7003
7002
7005
7004
7007
7006
5223
5222
5221
5224
8934
8935
8936
8937
8931
8932
8933
8293
8938
8939
7091
8217
3063
3062
3061
3067
3066
3065
3064
7965
3069
3068
2941
1051
1052
1053
1054
1055
1056
1057
1058
1059
1696
1697
1695
1692
1693
1691
4311
4315
4316
4317
4318
1271
1272
1273
1274
1275
1276
1277
8294
8242
8243
8241
8244
8245
7045
5423
3119
3118
3117
3116
3115
3114
3113
3112
3111
1472
1473
1471
1476
1477
1474
1475
8646
7041
8644
8642
8643
8641
8426
8427
8424
6416
8422
5467
8421
5466
9122
8428
5727
5741
9123
5744
5724
4225
6412
4221
4223
5582
5038
5581
7597
6846
7595
9831
7591
4586
9537
7755
7754
6845
7751
9535
7753
5308
4415
5266
2451
3931
8332
8333
8331
8336
9531
6718
8335
6716
6717
8338
6715
6712
6713
5262
9906
9907
9904
9905
9902
1601
9901
4131
4132
4133
9908
9909
3841
3843
3842
3845
3844
3847
1060
3849
3848
5302
8483
9609
5305
5306
7912
8503
5307
8484
1242
6668
6669
4041
4043
6662
6663
6661
6666
6665
5961
5962
5963
5964
5966
2134
2288
2289
2281
2282
2283
2284
2285
2286
2287
9822
7575
8505
4541
8486
4543
4542
4920
6289
6731
8623
2574
4942
2572
2573
2571
4534
6733
4461
4535
2374
2375
2376
2377
2371
2594
2595
2596
2597
9124
2591
2592
2593
5036
5037
5035
5032
5033
4823
4435
4434
4437
4436
4431
1873
4433
1871
7913
1607
7911
7917
4438
7915
6595
4944
4941
6596
9824
7981
6285
6286
6287
6281
8319
6042
6043
6041
6044
6045
2111
6049
2114
8239
2116
7985
2622
2623
6984
2626
2627
2624
2625
8606
2628
2629
8607
7351
9581
7355
8604
9584
9585
5102
3286
3284
5106
9231
3281
5105
9826
3449
3448
3445
3444
3447
3446
3441
3443
3442
2024
2025
2026
2752
2021
2022
2023
2829
9334
4017
5216
5215
5212
5213
5211
9051
9053
9054
5245
9056
9057
8927
8926
8925
8924
8923
8922
8921
3989
4452
8892
2989
7334
7101
7102
7103
7104
7105
7106
3059
3056
6865
3054
3055
3052
3053
6862
2975
1043
5363
1041
5361
5366
1046
1045
1044
9924
5368
9629
1681
2983
1683
9628
1685
1684
1687
3026
1689
1688
3025
8255
4302
4301
8256
8251
4306
8253
8252
2987
1261
4308
8258
3022
1911
5653
5241
5103
5101
3122
3123
3121
7610
7611
3124
5107
8658
5240
5104
8651
1464
9233
1461
1463
1462
8431
1316
1315
1314
1313
1312
1311
8436
8439
8438
1319
1318
6446
6915
9827
6445
5757
6443
5754
5759
5758
4233
8734
4231
5591
8735
5595
6124
7974
7077
5807
8733
7721
7722
8731
1234
8517
8495
3941
3945
3947
6709
6708
8515
8325
4211
6703
6702
8321
6704
6707
6706
9911
9913
4128
9915
9914
9917
2757
9919
4122
4121
4126
4124
7434
7435
7437
5689
5688
7433
5685
5684
5681
7439
5683
5682
2323
9146
1658
4706
9866
2751
4705
6675
6674
6677
6676
6671
6673
6672
6678
9843
4054
4053
4051
8287
4458
1617
6219
5973
5971
5977
5976
5975
3611
3612
3615
8514
2292
2291
5677
2295
4180
5252
2561
2563
2562
2565
2564
2566
2366
2362
2361
2360
2587
2586
2585
2584
9137
2582
2581
7921
5021
5022
5025
6814
1861
4441
1863
4443
1865
3721
3722
3723
4931
8513
4682
4681
6295
6294
9755
6291
2103
2102
2101
6051
2106
2105
2104
5114
5111
5113
2635
2636
2631
2632
4672
9591
9222
7844
9592
3438
3439
1536
3431
3432
3433
3434
3435
3436
3437
2741
2036
2743
2742
2033
2032
2031
4844
4845
4847
4841
3341
7324
3233
3095
5254
3231
9043
3236
9041
9047
9045
7321
3544
3545
3546
3541
3542
3543
7323
8912
1964
8911
8916
8917
8914
8915
8918
8919
1614
1788
1789
2967
2961
3653
1781
1782
1783
1784
1785
1786
1787
7113
7115
6877
3043
1611
3045
3044
6871
3046
3644
1078
1079
1076
5374
1074
1075
1072
1073
5373
1071
8144
1678
1679
5583
1674
1676
5394
1671
1094
1095
1096
1097
8224
1091
1092
1093
4336
4337
4334
4335
1098
4333
4331
3135
1623
3137
3136
3131
3133
3132
1482
3138
7609
7608
7607
7606
7605
7604
7603
7602
7601
2491
1411
1412
9009
1322
1323
1321
1326
1327
1324
1325
4444
1328
1329
8324
6451
9851
6905
6904
6903
6454
5768
8342
4202
4203
5764
4201
4206
4207
4204
4205
8469
5561
5563
1525
7739
7738
1252
1521
1251
7731
7737
7736
7735
7734
3959
3958
7348
8193
3953
3951
3956
4116
4117
4115
4112
4111
8351
8355
8356
6432
7669
2254
8194
7668
7892
1485
7427
7426
7425
7424
7423
7422
7421
8198
7429
6869
1625
7107
6732
6601
6602
6603
6604
6605
6606
7109
5703
6866
3204
4063
5944
4061
3528
5943
4064
5941
2976
9264
6861
5785
3899
2974
3051
3603
3602
3601
3607
3606
3605
3604
3608
9735
7851
1047
7418
5367
3891
6118
5364
6114
7329
6116
6117
6110
6111
6112
6113
2035
2352
2353
2351
5441
2355
7931
7933
7932
9458
7934
9108
7936
9454
7938
9104
9105
9102
9451
9452
9101
4453
9142
4451
5445
4455
4454
3737
3735
3734
3732
3731
4691
4921
2135
2132
2133
4697
2131
4698
4929
9147
6028
6029
1682
9144
6021
6023
6024
6026
6027
5161
5165
6223
2641
2642
2643
2645
9218
9219
9212
9213
9211
9216
9217
9214
9215
5264
6955
3421
3425
3424
1850
6336
4589
4588
9698
4416
4585
9697
4587
9695
4581
9693
4851
9691
9076
4303
9074
4414
9072
9073
8254
4781
9078
9079
9674
9675
9677
9671
9672
9673
4307
9678
9679
8629
9286
3555
3554
3553
3552
3551
1145
8624
2171
7392
8626
2911
2912
2913
2914
9832
1793
1792
1791
1797
1796
1795
1794
6842
6843
6841
7122
7123
6844
7121
1069
1068
9545
9833
1061
5301
1063
1062
1065
1064
1067
1066
1664
1663
1662
1661
1087
8232
8231
2492
1083
1082
1081
4321
6599
4323
4322
4325
4327
4326
3141
3142
3143
3144
3145
3146
3147
2825
2821
7638
5411
3381
7631
7636
7637
7634
7635
3965
9699
1403
1402
1401
1406
1405
1404
4214
9156
1339
1338
4213
4212
1335
1334
1336
1331
4218
1333
1332
6932
9842
9841
6931
9845
9844
8124
9948
8121
7707
9949
7702
7701
8851
5575
3263
5571
1241
7614
1243
1534
1244
1531
7615
8045
1027
1935
4101
5124
4103
4102
4105
4104
4107
4106
8343
1633
8341
3125
8347
8346
8345
8344
9314
9313
9312
7412
7413
3898
7411
7416
7417
7414
7415
3892
3893
6987
7419
3896
3897
3894
3895
5763
3633
6613
6612
6611
6617
6616
6615
6986
8741
5951
5953
5954
5956
1636
3962
3960
3961
1127
8895
4305
1317
8079
5863
8430
3504
3634
3632
8433
3631
1454
8432
8435
4269
8434
9793
2341
8437
2343
2342
6107
3373
6105
6104
6103
6102
6101
9797
5432
9449
8512
9111
9446
9113
9112
9443
9114
9441
3336
3708
3709
3702
3703
4464
3701
3706
3707
3704
3705
2121
5753
6109
6447
4664
6444
4911
6039
6917
9821
6031
6037
6035
6034
9205
5172
5171
9206
9201
5176
5175
9202
2652
2651
6441
2657
1154
3417
3415
3412
3413
8023
7382
7383
4371
7381
7386
9984
7384
6369
9012
9985
8026
9828
9688
6325
2019
8536
6321
2015
2014
4861
2011
9684
2013
2012
9061
9063
9062
9447
9064
9067
5349
5048
9665
9663
9661
3562
7255
7256
3561
3566
7251
3564
3565
4484
4485
4486
4374
4481
4482
5613
4670
9037
2903
2902
2901
5611
6851
2906
2905
6852
6561
2909
2908
6858
6560
4793
7131
7132
5752
7134
7137
7136
8526
5318
5313
5311
9448
5317
5316
5315
5314
8804
8805
8806
8807
8801
8802
9013
1652
8808
1657
1654
1655
6582
6581
9444
8758
6586
6585
6584
8754
8755
8756
8757
8751
8752
9442
7625
3151
7626
7621
3155
7622
4238
8524
2831
6874
5406
5405
1435
5403
5402
5401
1431
5409
5408
9805
4506
2985
7688
5232
4261
1732
4264
4265
4266
4267
4268
1735
1343
1734
6278
8112
6924
8111
6921
9873
6923
6922
7711
7713
4465
7715
4462
5541
4463
1502
1503
1501
1506
1507
1504
1505
3085
3084
1508
1509
3081
3083
3082
9419
8377
9737
8375
8372
8373
8371
2928
8378
5053
8574
8571
8572
8573
4669
3886
3881
3882
1264
9801
3888
9413
9573
5766
4661
6701
6628
6629
6626
6627
6624
8403
6621
8326
4001
4002
4003
4004
4005
4006
4007
3971
3972
9891
9892
9893
4765
8322
4652
3628
3621
8776
3625
3624
3626
4281
4287
4714
2331
2332
2333
2334
4711
2336
6132
6133
6131
6136
6137
6134
6135
1995
9918
3074
3075
9603
3717
9784
3711
3713
9204
9472
9473
9471
7948
9207
9474
9475
2954
9457
9431
4471
4472
4475
4474
6006
4908
6004
6005
6002
6003
6001
4901
4675
4902
4905
4904
4671
2481
9366
7352
2244
2245
9605
2241
2242
2243
7395
2465
7397
7396
7391
2461
1024
5146
5144
5145
5142
5143
5140
5141
3401
3403
3402
3405
3404
8485
9574
5761
7084
4875
7957
4877
4876
4871
1023
4873
4872
1022
4879
7955
6312
5425
6311
1187
4031
2061
1026
2063
2064
5427
7126
6442
5658
7227
1182
3411
9091
1183
9651
9656
1086
9654
9655
9304
9305
9658
5422
9301
9302
5098
7245
7244
7242
7241
5091
3256
3571
5095
3573
3572
5433
9781
2664
2665
4493
9785
4491
2661
5692
7958
5656
6821
6822
6823
6824
6825
6826
6827
6828
3257
2935
2931
9455
5375
5324
5325
5321
5690
5657
1645
7431
1647
1646
1641
1643
1642
1649
1648
9456
1741
8534
8816
8814
8813
8812
8811
9075
8219
8218
8749
8748
8747
8746
8745
8212
8743
8742
8535
7651
2808
5691
2802
2803
2801
3162
2807
2804
2805
1421
2406
1423
5431
1424
5434
5435
3364
1428
3366
5439
8527
3361
3362
3363
2157
9564
2403
4273
4271
8106
5751
9566
8103
8102
1353
1352
1351
2153
1357
1356
1355
1354
5555
5554
5556
5551
5553
5552
9861
6951
9863
6953
9865
9864
6956
6957
5750
9682
9685
5694
5615
9687
8581
8583
9686
1511
8584
5525
8361
8363
8362
9453
8567
8566
8565
8564
8563
8561
6942
4859
8275
5756
9964
8274
6551
8736
7478
5871
3181
4858
7471
7472
7474
7475
7476
7119
9912
5344
9963
9812
6631
6634
4013
4012
4011
9409
9162
4016
4014
9886
9885
4856
9883
9882
9881
3984
3985
3981
6125
4855
6127
6121
6123
6122
6129
9295
4707
1447
2321
4704
4703
4702
4701
2324
1445
4709
4708
1444
1443
8737
3761
3762
3763
3764
3765
3766
3563
3768
3769
9563
8872
8525
6011
2498
6013
6012
6015
6014
6017
6019
2493
4641
2495
2497
2496
3243
6891
7897
7894
7895
2253
2252
2251
7891
9263
9262
9261
2473
9265
8196
5151
3247
9269
5152
5154
7874
7875
7876
7877
7871
7872
7873
3244
7336
3227
6913
8095
8153
9465
9464
9467
9466
9461
9463
9462
6305
2071
6301
9468
9089
9088
9087
9086
9085
9084
9083
9082
9081
9649
9648
9645
9644
9315
9646
9641
9640
9311
9642
7273
5089
7271
8952
7274
7275
5081
5087
5085
5084
2671
9792
9791
2672
2675
9796
9795
2676
2678
9798
6833
6832
6831
6836
6835
6834
2921
2923
2922
2925
2924
2926
5331
5333
5335
5334
2907
9459
3214
1631
3216
1985
1634
3211
3212
1981
2904
3218
1989
8822
8823
8821
7108
2814
2811
8772
8773
8771
8463
2818
8774
8775
7642
7641
7640
7645
3171
1736
3172
8541
3176
7081
9014
7083
5428
1188
1189
1186
5424
1184
1185
5421
3372
3371
1181
6460
1749
7585
1744
1746
1747
7586
1742
7035
1165
8172
7587
1161
9132
4247
4244
1484
4243
4241
5521
7925
5524
6466
5527
5528
2583
6941
5633
8507
9136
9135
3196
7135
9134
8482
1568
7468
3300
8233
9503
1561
1562
1564
1566
1567
9203
9138
8398
6199
8394
8395
8396
8397
8391
8392
8393
8552
7463
8551
8556
2322
8554
8489
5026
5830
6546
6545
6544
6543
6542
6541
5631
5632
7466
3197
8481
3195
3194
3193
1363
3191
8487
8488
7462
7461
7467
1719
3199
3198
